 ################################ 
 #            DATOS             # 
 ################################ 
 # n =           20
 # m =           10
 # Long =    4.0000000000000000     
 # Ancho =    2.0000000000000000     
 # Dx =    1.4239999999999999E-005
 # Dy =    1.4239999999999999E-005
 # h =    11.789999999999999     
 # K =    50.000000000000000     
 # Te =    22.000000000000000     
 # Tf =    100.00000000000000     
 # deltaT =    1000.0000000000000     
 # Tfinal =    10000.000000000000     
 ################################ 

 -> iteracion ---------           1
100.00  100.00  100.00  100.00  100.00  100.00  100.00  100.00  100.00  100.00  100.00  100.00  100.00  100.00  100.00  100.00  100.00  100.00  100.00  100.00
100.00   41.23   39.43   39.08   39.01   38.99   38.99   38.99   38.99   38.99   38.99   38.99   38.99   38.99   38.99   38.99   38.99   38.99   38.99   38.99  
100.00   28.93   26.37   25.84   25.73   25.71   25.70   25.70   25.70   25.70   25.70   25.70   25.70   25.70   25.70   25.70   25.70   25.70   25.70   25.70  
100.00   26.37   23.57   22.97   22.84   22.81   22.81   22.81   22.81   22.81   22.81   22.81   22.81   22.81   22.81   22.81   22.81   22.81   22.81   22.81  
100.00   25.84   22.97   22.35   22.21   22.18   22.18   22.18   22.18   22.18   22.18   22.18   22.18   22.18   22.18   22.18   22.18   22.18   22.18   22.18  
100.00   25.73   22.84   22.21   22.08   22.05   22.04   22.04   22.04   22.04   22.04   22.04   22.04   22.04   22.04   22.04   22.04   22.04   22.04   22.04  
100.00   25.71   22.81   22.18   22.05   22.02   22.01   22.01   22.01   22.01   22.01   22.01   22.01   22.01   22.01   22.01   22.01   22.01   22.01   22.01  
100.00   25.70   22.81   22.18   22.04   22.01   22.00   22.00   22.00   22.00   22.00   22.00   22.00   22.00   22.00   22.00   22.00   22.00   22.00   22.00  
100.00   25.70   22.80   22.18   22.04   22.01   22.00   22.00   22.00   22.00   22.00   22.00   22.00   22.00   22.00   22.00   22.00   22.00   22.00   22.00  
100.00   25.68   22.80   22.17   22.04   22.01   22.00   22.00   22.00   22.00   22.00   22.00   22.00   22.00   22.00   22.00   22.00   22.00   22.00   22.00  

 -> iteracion ---------           2
100.00  100.00  100.00  100.00  100.00  100.00  100.00  100.00  100.00  100.00  100.00  100.00  100.00  100.00  100.00  100.00  100.00  100.00  100.00  100.00
100.00   54.41   51.06   50.19   49.97   49.92   49.90   49.90   49.90   49.90   49.90   49.90   49.90   49.90   49.90   49.90   49.90   49.90   49.90   49.90  
100.00   37.41   32.31   30.93   30.57   30.48   30.46   30.46   30.45   30.45   30.45   30.45   30.45   30.45   30.45   30.45   30.45   30.45   30.45   30.45  
100.00   32.31   26.54   24.92   24.50   24.39   24.37   24.36   24.36   24.36   24.36   24.36   24.36   24.36   24.36   24.36   24.36   24.36   24.36   24.36  
100.00   30.93   24.92   23.23   22.78   22.66   22.64   22.63   22.63   22.63   22.63   22.63   22.63   22.63   22.63   22.63   22.63   22.63   22.63   22.63  
100.00   30.57   24.50   22.78   22.32   22.20   22.17   22.16   22.16   22.16   22.16   22.16   22.16   22.16   22.16   22.16   22.16   22.16   22.16   22.16  
100.00   30.48   24.39   22.66   22.20   22.08   22.05   22.04   22.04   22.04   22.04   22.04   22.04   22.04   22.04   22.04   22.04   22.04   22.04   22.04  
100.00   30.46   24.37   22.63   22.17   22.05   22.02   22.01   22.01   22.01   22.01   22.01   22.01   22.01   22.01   22.01   22.01   22.01   22.01   22.01  
100.00   30.44   24.35   22.63   22.16   22.04   22.01   22.00   22.00   22.00   22.00   22.00   22.00   22.00   22.00   22.00   22.00   22.00   22.00   22.00  
100.00   30.38   24.33   22.62   22.16   22.04   22.01   22.00   22.00   22.00   22.00   22.00   22.00   22.00   22.00   22.00   22.00   22.00   22.00   22.00  

 -> iteracion ---------           3
100.00  100.00  100.00  100.00  100.00  100.00  100.00  100.00  100.00  100.00  100.00  100.00  100.00  100.00  100.00  100.00  100.00  100.00  100.00  100.00
100.00   63.57   59.23   57.83   57.42   57.30   57.27   57.26   57.26   57.26   57.26   57.26   57.26   57.26   57.26   57.26   57.26   57.26   57.26   57.26  
100.00   45.40   38.47   36.16   35.46   35.26   35.21   35.19   35.19   35.19   35.19   35.19   35.19   35.19   35.19   35.19   35.19   35.19   35.19   35.19  
100.00   38.47   30.35   27.60   26.75   26.50   26.43   26.41   26.41   26.40   26.40   26.40   26.40   26.40   26.40   26.40   26.40   26.40   26.40   26.40  
100.00   36.16   27.60   24.67   23.74   23.47   23.39   23.37   23.37   23.37   23.37   23.37   23.37   23.37   23.37   23.37   23.37   23.37   23.37   23.37  
100.00   35.46   26.75   23.74   22.79   22.51   22.43   22.41   22.40   22.40   22.40   22.40   22.40   22.40   22.40   22.40   22.40   22.40   22.40   22.40  
100.00   35.26   26.50   23.47   22.51   22.23   22.14   22.12   22.12   22.11   22.11   22.11   22.11   22.11   22.11   22.11   22.11   22.11   22.11   22.11  
100.00   35.19   26.42   23.39   22.43   22.14   22.06   22.04   22.03   22.03   22.03   22.03   22.03   22.03   22.03   22.03   22.03   22.03   22.03   22.03  
100.00   35.15   26.39   23.36   22.41   22.12   22.04   22.02   22.01   22.01   22.01   22.01   22.01   22.01   22.01   22.01   22.01   22.01   22.01   22.01  
100.00   35.04   26.33   23.34   22.39   22.11   22.03   22.01   22.00   22.00   22.00   22.00   22.00   22.00   22.00   22.00   22.00   22.00   22.00   22.00  

 -> iteracion ---------           4
100.00  100.00  100.00  100.00  100.00  100.00  100.00  100.00  100.00  100.00  100.00  100.00  100.00  100.00  100.00  100.00  100.00  100.00  100.00  100.00
100.00   70.07   65.22   63.38   62.74   62.54   62.48   62.46   62.46   62.46   62.46   62.46   62.46   62.46   62.46   62.46   62.46   62.46   62.46   62.46  
100.00   52.31   44.24   41.11   40.02   39.66   39.55   39.52   39.51   39.51   39.51   39.51   39.51   39.51   39.51   39.51   39.51   39.51   39.51   39.51  
100.00   44.24   34.54   30.71   29.35   28.90   28.76   28.72   28.71   28.70   28.70   28.70   28.70   28.70   28.70   28.70   28.70   28.70   28.70   28.70  
100.00   41.11   30.71   26.56   25.07   24.57   24.42   24.37   24.36   24.35   24.35   24.35   24.35   24.35   24.35   24.35   24.35   24.35   24.35   24.35  
100.00   40.02   29.35   25.07   23.53   23.01   22.84   22.79   22.78   22.78   22.77   22.77   22.77   22.77   22.77   22.77   22.77   22.77   22.77   22.77  
100.00   39.66   28.90   24.57   23.01   22.48   22.31   22.26   22.25   22.24   22.24   22.24   22.24   22.24   22.24   22.24   22.24   22.24   22.24   22.24  
100.00   39.53   28.75   24.41   22.84   22.31   22.15   22.09   22.08   22.07   22.07   22.07   22.07   22.07   22.07   22.07   22.07   22.07   22.07   22.07  
100.00   39.45   28.68   24.35   22.79   22.26   22.09   22.04   22.03   22.02   22.02   22.02   22.02   22.02   22.02   22.02   22.02   22.02   22.02   22.02  
100.00   39.28   28.58   24.30   22.76   22.24   22.08   22.03   22.01   22.01   22.01   22.01   22.01   22.01   22.01   22.01   22.01   22.01   22.01   22.01  

 -> iteracion ---------           5
100.00  100.00  100.00  100.00  100.00  100.00  100.00  100.00  100.00  100.00  100.00  100.00  100.00  100.00  100.00  100.00  100.00  100.00  100.00  100.00
100.00   74.82   69.76   67.58   66.73   66.43   66.33   66.30   66.29   66.29   66.28   66.28   66.28   66.28   66.28   66.28   66.28   66.28   66.28   66.28  
100.00   58.07   49.41   45.62   44.13   43.59   43.41   43.35   43.33   43.33   43.32   43.32   43.32   43.32   43.32   43.32   43.32   43.32   43.32   43.32  
100.00   49.41   38.75   34.00   32.12   31.43   31.19   31.12   31.09   31.09   31.08   31.08   31.08   31.08   31.08   31.08   31.08   31.08   31.08   31.08  
100.00   45.62   34.00   28.78   26.69   25.92   25.66   25.57   25.54   25.53   25.53   25.53   25.53   25.53   25.53   25.53   25.53   25.53   25.53   25.53  
100.00   44.13   32.12   26.69   24.50   23.69   23.41   23.32   23.29   23.28   23.28   23.28   23.28   23.28   23.28   23.28   23.28   23.28   23.28   23.28  
100.00   43.58   31.42   25.92   23.69   22.86   22.58   22.48   22.45   22.44   22.44   22.44   22.44   22.44   22.44   22.44   22.44   22.44   22.44   22.44  
100.00   43.37   31.17   25.64   23.41   22.57   22.28   22.19   22.16   22.15   22.14   22.14   22.14   22.14   22.14   22.14   22.14   22.14   22.14   22.14  
100.00   43.24   31.04   25.53   23.30   22.47   22.19   22.09   22.06   22.05   22.05   22.05   22.05   22.05   22.05   22.05   22.05   22.05   22.05   22.05  
100.00   43.00   30.90   25.45   23.25   22.44   22.15   22.06   22.03   22.02   22.02   22.02   22.01   22.01   22.01   22.01   22.01   22.01   22.01   22.01  

 -> iteracion ---------           6
100.00  100.00  100.00  100.00  100.00  100.00  100.00  100.00  100.00  100.00  100.00  100.00  100.00  100.00  100.00  100.00  100.00  100.00  100.00  100.00
100.00   78.38   73.31   70.88   69.84   69.44   69.29   69.24   69.22   69.22   69.21   69.21   69.21   69.21   69.21   69.21   69.21   69.21   69.21   69.21  
100.00   62.83   53.96   49.65   47.80   47.06   46.79   46.70   46.67   46.66   46.65   46.65   46.65   46.65   46.65   46.65   46.65   46.65   46.65   46.65  
100.00   53.96   42.80   37.32   34.93   33.98   33.62   33.50   33.46   33.44   33.44   33.44   33.44   33.44   33.44   33.44   33.44   33.44   33.44   33.44  
100.00   49.65   37.32   31.22   28.53   27.45   27.05   26.91   26.86   26.84   26.84   26.83   26.83   26.83   26.83   26.83   26.83   26.83   26.83   26.83  
100.00   47.79   34.93   28.53   25.70   24.56   24.13   23.97   23.92   23.90   23.90   23.90   23.90   23.90   23.90   23.90   23.90   23.90   23.90   23.90  
100.00   47.05   33.97   27.45   24.56   23.38   22.94   22.78   22.73   22.71   22.70   22.70   22.70   22.70   22.70   22.70   22.70   22.70   22.70   22.70  
100.00   46.74   33.58   27.03   24.12   22.94   22.49   22.33   22.27   22.26   22.25   22.25   22.25   22.25   22.25   22.25   22.25   22.25   22.25   22.25  
100.00   46.55   33.39   26.85   23.95   22.77   22.32   22.16   22.11   22.09   22.09   22.08   22.08   22.08   22.08   22.08   22.08   22.08   22.08   22.08  
100.00   46.23   33.18   26.72   23.86   22.70   22.27   22.11   22.06   22.04   22.03   22.03   22.03   22.03   22.03   22.03   22.03   22.03   22.03   22.03  

 -> iteracion ---------           7
100.00  100.00  100.00  100.00  100.00  100.00  100.00  100.00  100.00  100.00  100.00  100.00  100.00  100.00  100.00  100.00  100.00  100.00  100.00  100.00
100.00   81.12   76.15   73.56   72.35   71.84   71.64   71.57   71.54   71.53   71.53   71.53   71.53   71.53   71.53   71.53   71.53   71.53   71.53   71.53  
100.00   66.75   57.91   53.25   51.06   50.13   49.76   49.62   49.57   49.55   49.55   49.55   49.55   49.55   49.55   49.55   49.55   49.55   49.55   49.55  
100.00   57.91   46.58   40.55   37.71   36.48   35.99   35.80   35.74   35.71   35.70   35.70   35.70   35.70   35.70   35.70   35.70   35.70   35.70   35.70  
100.00   53.25   40.55   33.75   30.52   29.12   28.55   28.33   28.26   28.23   28.22   28.22   28.22   28.22   28.22   28.22   28.22   28.22   28.22   28.22  
100.00   51.06   37.70   30.52   27.08   25.58   24.98   24.74   24.66   24.63   24.62   24.62   24.62   24.62   24.62   24.62   24.62   24.62   24.62   24.62  
100.00   50.11   36.46   29.10   25.58   24.03   23.41   23.17   23.08   23.05   23.04   23.04   23.03   23.03   23.03   23.03   23.03   23.03   23.03   23.03  
100.00   49.69   35.93   28.51   24.96   23.40   22.77   22.52   22.43   22.40   22.39   22.39   22.39   22.39   22.39   22.39   22.39   22.39   22.39   22.39  
100.00   49.42   35.65   28.25   24.70   23.15   22.52   22.28   22.19   22.16   22.15   22.14   22.14   22.14   22.14   22.14   22.14   22.14   22.14   22.14  
100.00   49.04   35.38   28.06   24.57   23.04   22.42   22.19   22.10   22.07   22.06   22.05   22.05   22.05   22.05   22.05   22.05   22.05   22.05   22.05  

 -> iteracion ---------           8
100.00  100.00  100.00  100.00  100.00  100.00  100.00  100.00  100.00  100.00  100.00  100.00  100.00  100.00  100.00  100.00  100.00  100.00  100.00  100.00
100.00   83.27   78.47   75.78   74.43   73.82   73.56   73.46   73.42   73.41   73.40   73.40   73.40   73.40   73.40   73.40   73.40   73.40   73.40   73.40  
100.00   70.01   61.34   56.44   53.98   52.86   52.38   52.19   52.11   52.09   52.08   52.08   52.07   52.07   52.07   52.07   52.07   52.07   52.07   52.07  
100.00   61.33   50.05   43.63   40.39   38.89   38.25   38.00   37.90   37.86   37.85   37.85   37.84   37.84   37.84   37.84   37.84   37.84   37.84   37.84  
100.00   56.44   43.63   36.31   32.59   30.86   30.12   29.82   29.70   29.66   29.64   29.64   29.64   29.64   29.64   29.64   29.64   29.64   29.64   29.64  
100.00   53.97   40.38   32.58   28.60   26.74   25.94   25.61   25.48   25.44   25.42   25.42   25.41   25.41   25.41   25.41   25.41   25.41   25.41   25.41  
100.00   52.82   38.87   30.84   26.73   24.81   23.98   23.64   23.51   23.46   23.44   23.44   23.43   23.43   23.43   23.43   23.43   23.43   23.43   23.43  
100.00   52.29   38.18   30.07   25.91   23.97   23.12   22.78   22.65   22.60   22.58   22.57   22.57   22.57   22.57   22.57   22.57   22.57   22.57   22.57  
100.00   51.94   37.81   29.70   25.55   23.61   22.77   22.43   22.29   22.25   22.23   22.22   22.22   22.22   22.22   22.22   22.22   22.22   22.22   22.22  
100.00   51.48   37.45   29.44   25.36   23.45   22.63   22.29   22.16   22.11   22.10   22.09   22.09   22.09   22.09   22.09   22.09   22.09   22.09   22.09  

 -> iteracion ---------           9
100.00  100.00  100.00  100.00  100.00  100.00  100.00  100.00  100.00  100.00  100.00  100.00  100.00  100.00  100.00  100.00  100.00  100.00  100.00  100.00
100.00   85.00   80.39   77.65   76.20   75.49   75.18   75.04   74.99   74.97   74.96   74.96   74.96   74.96   74.96   74.96   74.96   74.96   74.96   74.96  
100.00   72.74   64.31   59.28   56.59   55.29   54.70   54.45   54.35   54.31   54.30   54.29   54.29   54.29   54.29   54.29   54.29   54.29   54.29   54.29  
100.00   64.31   53.20   46.53   42.95   41.20   40.41   40.07   39.94   39.88   39.86   39.86   39.85   39.85   39.85   39.85   39.85   39.85   39.85   39.85  
100.00   59.27   46.53   38.83   34.69   32.65   31.72   31.32   31.16   31.10   31.07   31.06   31.06   31.06   31.06   31.06   31.06   31.06   31.06   31.06  
100.00   56.58   42.94   34.68   30.21   28.00   26.99   26.55   26.38   26.31   26.28   26.28   26.27   26.27   26.27   26.27   26.27   26.27   26.27   26.27  
100.00   55.25   41.16   32.62   27.99   25.69   24.64   24.19   24.00   23.93   23.90   23.89   23.89   23.89   23.89   23.89   23.89   23.89   23.89   23.89  
100.00   54.59   40.31   31.65   26.95   24.62   23.56   23.10   22.91   22.84   22.81   22.80   22.79   22.79   22.79   22.79   22.79   22.79   22.79   22.79  
100.00   54.16   39.83   31.17   26.47   24.15   23.08   22.62   22.44   22.36   22.34   22.33   22.32   22.32   22.32   22.32   22.32   22.32   22.32   22.32  
100.00   53.62   39.40   30.84   26.21   23.93   22.88   22.43   22.25   22.18   22.15   22.14   22.14   22.14   22.14   22.14   22.14   22.14   22.14   22.14  

 -> iteracion ---------          10
100.00  100.00  100.00  100.00  100.00  100.00  100.00  100.00  100.00  100.00  100.00  100.00  100.00  100.00  100.00  100.00  100.00  100.00  100.00  100.00
100.00   86.42   82.01   79.26   77.72   76.93   76.56   76.39   76.32   76.29   76.28   76.28   76.28   76.28   76.28   76.28   76.28   76.28   76.28   76.28  
100.00   75.05   66.91   61.81   58.95   57.48   56.78   56.47   56.34   56.28   56.26   56.25   56.25   56.25   56.25   56.25   56.25   56.25   56.25   56.25  
100.00   66.91   56.06   49.24   45.38   43.40   42.45   42.03   41.85   41.77   41.74   41.73   41.73   41.73   41.73   41.73   41.73   41.73   41.73   41.73  
100.00   61.80   49.23   41.28   36.78   34.45   33.33   32.82   32.61   32.52   32.49   32.48   32.47   32.47   32.47   32.47   32.47   32.47   32.47   32.47  
100.00   58.93   45.36   36.77   31.88   29.34   28.11   27.56   27.33   27.23   27.19   27.18   27.17   27.17   27.17   27.17   27.17   27.17   27.17   27.17  
100.00   57.42   43.35   34.41   29.32   26.67   25.39   24.81   24.56   24.46   24.42   24.41   24.40   24.40   24.40   24.40   24.40   24.40   24.40   24.40  
100.00   56.64   42.33   33.24   28.06   25.37   24.07   23.48   23.22   23.12   23.08   23.06   23.06   23.06   23.06   23.06   23.06   23.06   23.06   23.06  
100.00   56.12   41.74   32.63   27.45   24.76   23.46   22.87   22.62   22.51   22.47   22.46   22.45   22.45   22.45   22.45   22.45   22.45   22.45   22.45  
100.00   55.51   41.22   32.22   27.12   24.47   23.19   22.61   22.36   22.26   22.22   22.21   22.20   22.20   22.20   22.20   22.20   22.20   22.20   22.20  

