6 4 6 4
 -> iteracion ----------------            1
 100     100     100     100     100     100     100
 100     37.87   31.49   30.83   30.76   30.75   30.75  
 100     31.48   23.91   23.08   22.99   22.98   22.98  
 100     30.70   23.05   22.21   22.12   22.11   22.11  
 100     29.38   22.74   22.09   22.03   22.02   22.02  

 -> iteracion ----------------            2
 100     100     100     100     100     100     100
 100     49.44   39.51   37.98   37.77   37.75   37.74  
 100     39.46   26.90   24.89   24.60   24.56   24.55  
 100     37.59   24.76   22.71   22.42   22.38   22.38  
 100     34.50   23.80   22.31   22.11   22.09   22.08  

 -> iteracion ----------------            3
 100     100     100     100     100     100     100
 100     58.03   46.25   43.87   43.46   43.40   43.39  
 100     46.15   30.42   27.14   26.56   26.46   26.45  
 100     43.11   26.84   23.50   22.92   22.83   22.81  
 100     38.21   25.01   22.65   22.27   22.21   22.20  

 -> iteracion ----------------            4
 100     100     100     100     100     100     100
 100     64.52   51.91   48.79   48.15   48.04   48.02  
 100     51.74   34.12   29.64   28.71   28.53   28.51  
 100     47.59   29.12   24.54   23.60   23.43   23.40  
 100     40.99   26.26   23.11   22.50   22.40   22.39  

 -> iteracion ----------------            5
 100     100     100     100     100     100     100
 100     69.51   56.68   52.95   52.07   51.89   51.86  
 100     56.42   37.78   32.26   30.94   30.66   30.62  
 100     51.28   31.47   25.78   24.44   24.17   24.13  
 100     43.15   27.50   23.66   22.83   22.66   22.64  

